
Wavelength	SpectralRadiance
1.00e-07	3.41e+06
1.25e-07	3.19e+08
1.49e-07	6.27e+09
1.74e-07	4.88e+10
1.98e-07	2.13e+11
2.23e-07	5.49e+11
2.48e-07	1.32e+12
2.72e-07	1.84e+12
2.97e-07	3.14e+12
3.22e-07	4.66e+12
3.46e-07	6.12e+12
3.71e-07	6.23e+12
3.95e-07	8.54e+12
4.20e-07	9.04e+12
4.45e-07	1.20e+13
4.69e-07	9.06e+12
4.94e-07	1.03e+13
5.19e-07	1.43e+13
5.43e-07	1.22e+13
5.68e-07	1.21e+13
5.92e-07	1.22e+13
6.17e-07	1.17e+13
6.42e-07	1.38e+13
6.66e-07	1.11e+13
6.91e-07	1.23e+13
7.16e-07	1.17e+13
7.40e-07	1.29e+13
7.65e-07	9.18e+12
7.89e-07	9.81e+12
8.14e-07	1.03e+13
8.39e-07	8.23e+12
8.63e-07	8.29e+12
8.88e-07	7.71e+12
9.13e-07	9.50e+12
9.37e-07	8.28e+12
9.62e-07	8.41e+12
9.86e-07	6.80e+12
1.01e-06	6.01e+12
1.04e-06	7.42e+12
1.06e-06	6.60e+12
1.08e-06	5.37e+12
1.11e-06	6.59e+12
1.13e-06	5.24e+12
1.16e-06	5.45e+12
1.18e-06	5.45e+12
1.21e-06	4.66e+12
1.23e-06	4.65e+12
1.26e-06	4.30e+12
1.28e-06	3.45e+12
1.31e-06	3.35e+12
1.33e-06	4.06e+12
1.36e-06	3.88e+12
1.38e-06	3.29e+12
1.41e-06	3.43e+12
1.43e-06	2.65e+12
1.45e-06	2.56e+12
1.48e-06	2.56e+12
1.50e-06	2.52e+12
1.53e-06	2.70e+12
1.55e-06	2.15e+12
1.58e-06	2.88e+12
1.60e-06	2.24e+12
1.63e-06	2.08e+12
1.65e-06	2.04e+12
1.68e-06	2.11e+12
1.70e-06	1.77e+12
1.73e-06	1.64e+12
1.75e-06	2.01e+12
1.77e-06	1.67e+12
1.80e-06	1.51e+12
1.82e-06	1.79e+12
1.85e-06	1.46e+12
1.87e-06	1.26e+12
1.90e-06	1.31e+12
1.92e-06	1.34e+12
1.95e-06	1.30e+12
1.97e-06	1.03e+12
2.00e-06	1.17e+12
2.02e-06	1.11e+12
2.05e-06	1.17e+12
2.07e-06	9.46e+11
2.09e-06	1.01e+12
2.12e-06	8.47e+11
2.14e-06	8.16e+11
2.17e-06	8.48e+11
2.19e-06	8.94e+11
2.22e-06	8.37e+11
2.24e-06	7.21e+11
2.27e-06	8.10e+11
2.29e-06	7.62e+11
2.32e-06	6.86e+11
2.34e-06	7.48e+11
2.37e-06	6.97e+11
2.39e-06	6.93e+11
2.41e-06	6.04e+11
2.44e-06	5.54e+11
2.46e-06	6.46e+11
2.49e-06	5.44e+11
2.51e-06	6.15e+11
2.54e-06	5.04e+11
2.56e-06	5.37e+11
2.59e-06	6.21e+11
2.61e-06	5.60e+11
2.64e-06	4.95e+11
2.66e-06	4.32e+11
2.69e-06	4.02e+11
2.71e-06	4.27e+11
2.73e-06	3.82e+11
2.76e-06	3.57e+11
2.78e-06	4.16e+11
2.81e-06	4.01e+11
2.83e-06	3.82e+11
2.86e-06	4.30e+11
2.88e-06	3.63e+11
2.91e-06	3.44e+11
2.93e-06	3.89e+11
2.96e-06	3.15e+11
2.98e-06	3.97e+11
3.01e-06	3.15e+11
3.03e-06	3.28e+11
3.05e-06	2.49e+11
3.08e-06	3.02e+11
3.10e-06	2.25e+11
3.13e-06	2.62e+11
3.15e-06	2.70e+11
3.18e-06	2.55e+11
3.20e-06	2.64e+11
3.23e-06	2.47e+11
3.25e-06	2.35e+11
3.28e-06	2.29e+11
3.30e-06	2.31e+11
3.33e-06	2.09e+11
3.35e-06	1.77e+11
3.37e-06	1.85e+11
3.40e-06	1.94e+11
3.42e-06	1.96e+11
3.45e-06	1.98e+11
3.47e-06	2.26e+11
3.50e-06	1.70e+11
3.52e-06	1.55e+11
3.55e-06	1.87e+11
3.57e-06	1.29e+11
3.60e-06	1.50e+11
3.62e-06	1.79e+11
3.65e-06	1.61e+11
3.67e-06	1.28e+11
3.69e-06	1.40e+11
3.72e-06	1.63e+11
3.74e-06	1.36e+11
3.77e-06	1.50e+11
3.79e-06	1.20e+11
3.82e-06	1.14e+11
3.84e-06	1.40e+11
3.87e-06	1.34e+11
3.89e-06	1.30e+11
3.92e-06	1.32e+11
3.94e-06	1.23e+11
3.97e-06	1.03e+11
3.99e-06	1.11e+11
4.02e-06	1.27e+11
4.04e-06	1.06e+11
4.06e-06	9.41e+10
4.09e-06	8.74e+10
4.11e-06	1.04e+11
4.14e-06	1.02e+11
4.16e-06	9.27e+10
4.19e-06	9.69e+10
4.21e-06	8.38e+10
4.24e-06	9.05e+10
4.26e-06	7.67e+10
4.29e-06	7.01e+10
4.31e-06	8.52e+10
4.34e-06	7.72e+10
4.36e-06	8.91e+10
4.38e-06	8.26e+10
4.41e-06	7.93e+10
4.43e-06	6.66e+10
4.46e-06	8.36e+10
4.48e-06	8.04e+10
4.51e-06	6.96e+10
4.53e-06	8.20e+10
4.56e-06	7.59e+10
4.58e-06	7.23e+10
4.61e-06	6.83e+10
4.63e-06	6.68e+10
4.66e-06	7.11e+10
4.68e-06	6.45e+10
4.70e-06	6.09e+10
4.73e-06	5.63e+10
4.75e-06	7.39e+10
4.78e-06	5.67e+10
4.80e-06	4.98e+10
4.83e-06	5.16e+10
4.85e-06	5.38e+10
4.88e-06	5.31e+10
4.90e-06	4.41e+10
4.93e-06	4.91e+10
4.95e-06	5.50e+10
4.98e-06	5.57e+10
5.00e-06	5.62e+10
